21 27
22 31
33 36
40 61
97 104
98 114
117 153
141 169
143 198
202 227
229 234
249 286
252 353
290 367
337 385
373 465
408 633
565 649
592 707
624 872
716 947
776 951
777 1130
975 1145
1074 1197
1159 1479
1164 1522
1304 1539
1399 1684
1722 1921
1771 2016
1776 2126
1900 2356
2105 2386
2340 2445
2347 2846
2614 2928
2621 3121
2694 3290
2723 3311
3118 3380
3329 3922
3481 4131
3528 4466
3725 4565
3983 4717
4180 5037
4295 5175
5038 5379
5180 5814
5342 6586
5903 6717
5990 6938
6384 7278
6919 7305
7286 7752
7866 8308
8096 8768
8185 9189
8755 10091
9387 10431
10368 10915
11063 11988
12175 12888
12594 13593
12768 13781
13029 14645
13359 15086
13817 15193
14524 15881
14563 16010
14614 16943
16462 16975
16680 17516
16700 17690
17822 19042
18767 20072
19239 20466
20112 21856
20141 21966
20527 22598
21782 22655
22778 24301
23832 25195
23982 25815
25802 26948
26939 28861
27108 29066
27503 29503
27873 30489
28987 31170
30848 32837
32361 33991
32638 35764
33855 36544
33988 36673
34618 37634
34620 37682
34679 37872
35623 38030
37637 39812
37683 40191
37723 41726
38611 42445
38626 42659
40446 43272
41200 44211
42083 44973
43517 45417
44432 47876
45751 48680
48118 50768
48237 50892
51154 53171
51735 53786
52118 54245
53303 56023
53430 59179
55497 60093
57000 61926
57011 62018
57442 63179
60063 64228
60554 66520
63730 67010
64736 68616
64740 69786
65594 70382
65636 70651
68315 71345
70423 75706
72445 76072
73944 77272
76983 81196
78915 84743
79288 85043
80207 85194
82622 85209
83954 92450
84394 92475
86206 93384
87536 93766
88950 94180
89163 96145
93684 96357
93860 99720
95690 100224
100140 103452
102040 105596
103362 111422
104437 112190
107446 112322
107680 115344
111261 115484
114789 118463
118227 121580
123320 127573
125995 131311
127496 134214
129754 134343
134544 142133
136378 146852
141654 147109
144957 151804
146403 154909
146564 158211
146783 159234
148688 160832
149026 161248
156485 162300
163305 168771
167388 173021
167674 179087
173090 181710
176326 183676
180699 187097
181254 188560
182403 190029
184037 191324
184887 194803
184951 197205
191126 201512
191668 203120
200762 205346
202152 212920
203496 214513
203903 214886
207611 217523
208602 220477
210285 222210
211149 223049
217316 224475
218272 231260
224995 232457
229094 241501
234075 242746
234122 243105
238610 245549
239235 245907
241110 254784
248243 255871
250304 258050
250693 265324
257729 266237
259370 274610
266224 276393
268547 278860
272451 283181
275683 286999
280548 295703
283561 302154
293541 302654
293598 310455
296989 312800
298003 319386
302091 319525
308792 320383
311309 325030
316898 328602
320246 333180
323870 334064
325610 343816
329948 352491
344762 354819
345031 356658
351874 361535
355521 369115
356246 370072
357474 372668
365502 372781
370983 385134
371982 389567
380646 391393
380878 391920
384767 395130
387067 402347
392411 407082
404194 414633
404551 420301
405671 423159
406066 424452
409782 427091
416303 430481
423358 433924
427235 447570
429305 451022
437957 451243
438050 457558
441984 458245
453588 466275
459411 472357
459554 473177
466773 481433
474093 491745
475376 492557
478037 494284
489024 504519
489746 507455
500644 514668
502879 523252
507502 528420
508348 529514
510164 530457
513710 547355
515569 548401
532341 548833
540761 561436
542537 562050
544548 567002
548318 568269
552995 580414
567210 582634
570034 584569
588008 602709
598479 614490
602419 620325
602573 629392
616340 630079
620498 647396
647539 662535
647849 678460
647968 681564
648673 683159
661446 683933
670336 689394
675535 700148
687918 702921
694169 711523
701001 717786
703250 726280
714522 742620
731010 747462
734956 767420
744658 771889
763559 781250
771083 788702
773079 809051
794225 813268
808402 823786
816803 837205
817502 848466
820294 850578
832211 852398
853328 863420
860094 876516
867691 892328
887949 905618
889196 921104
915552 931215
918177 934475
919347 948380
930675 950835
932748 975605
933004 981980
939778 983030
951825 983382
958864 986346
961514 990877
970406 1008623
982999 1010715
984820 1016439
990413 1019015
994983 1035858
1004415 1038213
1007056 1048783
1017545 1052002
1026821 1067724
1026927 1075492
1044459 1080627
1052494 1086415
1061280 1087561
1063375 1103327
1064131 1110183
1079343 1114346
1084215 1121622
1097366 1125708
1100738 1137660
1102609 1146995
1106572 1153003
1107628 1153445
1120049 1153639
1129622 1162240
1133295 1172193
1135599 1176724
1145356 1183552
1161881 1189433
1177175 1198833
1204790 1230580
1213064 1239669
1213348 1255794
1229072 1257003
1230786 1268398
1242305 1280185
1265385 1288875
1271294 1298035
1272271 1323364
1277682 1331147
1277975 1335614
1281489 1337168
1297983 1340599
1329159 1359594
1337200 1362678
1349285 1378763
1366663 1398454
1369299 1416356
1384472 1422407
1393581 1438571
1400080 1450120
1408937 1457777
1421757 1461949
1440655 1465457
1450060 1495422
1476914 1504060
1481342 1536885
1522104 1539017
1523199 1566145
1578652 1594392
1595485 1618301
1615474 1641121
1627426 1665061
1627907 1671610
1630301 1700887
1635719 1707154
1642690 1709498
1646614 1710140
1679515 1724254
1683069 1745887
1686860 1746368
1705074 1755919
1705367 1785975
1732668 1792658
1736030 1797724
1746579 1804081
1747887 1808262
1759921 1814652
1794424 1823797
1805009 1868189
1857576 1884193
1863245 1914217
1866964 1918911
1876638 1921623
1897858 1940605
1898559 1953810
1908257 1962756
1935362 1964751
1939353 1987230
1944956 1994321
1967851 2010066
1974062 2023923
1984637 2030187
1990476 2069689
2031181 2071496
2032605 2077998
2032966 2087318
2052786 2108824
2056563 2126005
2060471 2137283
2093869 2142923
2104882 2150722
2114315 2165299
2146192 2182290
2153976 2219008
2185111 2229323
2188035 2265455
2237401 2273967
2240080 2313118
2275318 2321517
2275998 2342458
2297397 2348174
2302841 2377598
2303030 2393383
2324707 2395941
2330214 2412945
2338857 2424067
2349613 2428327
2355378 2444471
2360547 2448371
2362252 2456842
2389843 2458316
2401931 2465222
2417258 2474000
2420863 2479098
2439515 2502313
2466321 2509396
2472789 2529997
2477539 2555557
2477572 2581704
2524221 2592857
2555779 2626001
2581441 2633036
2581663 2672327
2586876 2675343
2596102 2677964
2622356 2689749
2646669 2703489
2653331 2743435
2676777 2743765
2693584 2755232
2727767 2771139
2751695 2814716
2753605 2817333
2754521 2877667
2772962 2878826
2779551 2882218
2787040 2884361
2804409 2889766
2813016 2890445
2848068 2904852
2879782 2942568
2884140 2970617
2910308 2974512
2914010 3035822
2927485 3037140
2939667 3041346
2983575 3055353
3019576 3060997
3023528 3111071
3056791 3117909
3117970 3188337
3119237 3216721
3140836 3218129
3165026 3240160
3179417 3286616
3191578 3293951
3232709 3323558
3263406 3337258
3323125 3377243
3323319 3384673
3356388 3428959
3395219 3459643
3426803 3495917
3446610 3523063
3462208 3563341
3518222 3565522
3556305 3621170
3571946 3624968
3578332 3635436
3590217 3685197
3607934 3687598
3614217 3687682
3630865 3727011
3655481 3735957
3668724 3755866
3677740 3800571
3686799 3807479
3699748 3827100
3713852 3830193
3724432 3836471
3742295 3857366
3761768 3857828
3793176 3872897
3799743 3916733
3814071 3922186
3845642 3939660
3859001 3980791
3933467 3983198
3994310 4051204
4003968 4091384
4023493 4131657
4033208 4135782
4069372 4162608
4108539 4171061
4111249 4194493
4115831 4197297
4125612 4233089
4173404 4254144
4215675 4293615
4243465 4342403
4248459 4369758
4313833 4397425
4322153 4398475
4326137 4441010
4345459 4445704
4378024 4450962
4382662 4499363
4419550 4549817
4484235 4566028
4489695 4601880
4548961 4640217
4578980 4673748
4645554 4713208
4654852 4785724
4688734 4803254
4723348 4833680
4817311 4877516
4873184 4949438
4895422 4977266
4926576 5019954
4931616 5077236
4943387 5078917
4975104 5080541
5062516 5117481
5073077 5224655
5083935 5238340
5119809 5254683
5122654 5268771
5123290 5272433
5134161 5280076
5178710 5281032
5240104 5350450
5299351 5392062
5300321 5394513
5302557 5448758
5323376 5449224
5330350 5453884
5337351 5454447
5393960 5495088
5415818 5501465
5485997 5610146
5561046 5674862
5612342 5702007
5635857 5743645
5715032 5794358
5725897 5846591
5787261 5900370
5797274 5965597
5818550 5998494
5880038 6060385
5941157 6065047
5965184 6114365
5982422 6126957
6034578 6131169
6083150 6177186
6087680 6229853
6088810 6275140
6089912 6296300
6140619 6299108
6226612 6327065
6241006 6420503
6283375 6452726
6338915 6505236
6391691 6537367
6426734 6553474
6428059 6563069
6429828 6591543
6431710 6601300
6483075 6611633
6521875 6642657
6557012 6697922
6656282 6734566
6676671 6802586
6751289 6876185
6791442 6913508
6796144 6975188
6892411 7014556
6903320 7021784
6957296 7106868
6972182 7113304
6987177 7126420
6988950 7135803
7002770 7202386
7038403 7205651
7092321 7218941
7118217 7285364
7124895 7311786
7203510 7313441
7241409 7332307
7242260 7357306
7308420 7417482
7374462 7495688
7403606 7571161
7414022 7571218
7468882 7626970
7487007 7634301
7544780 7657478
7599007 7726581
7607960 7813927
7659976 7825928
7670067 7880231
7720567 7882434
7721935 7891986
7807804 7923315
7842536 8027296
7900760 8041448
7938696 8147663
7959410 8153704
8028027 8198509
8043398 8258157
8059603 8258336
8136115 8300540
8140300 8302962
8185445 8360722
8196190 8397770
8204604 8427868
8270706 8458208
8273352 8468971
8300249 8529317
8409162 8530322
8433222 8571320
8433915 8624594
8469994 8649836
8522009 8687182
8577319 8715636
8608583 8740680
8633762 8759777
8674004 8914330
8722142 8943472
8760731 8958586
8787460 8993458
8820031 9017076
8947340 9062656
8987914 9193475
9094306 9233261
9111959 9268530
9118289 9294458
9131073 9307746
9181578 9338325
9204258 9439756
9263436 9482139
9276032 9492539
9330556 9509514
9333196 9514913
9339767 9583300
9404530 9584878
9512497 9632329
9547690 9670912
9584195 9756690
9617860 9866341
9690097 9877426
9695402 9951403
9767006 9982050
9816938 10018252
9857593 10099583
9952204 10110667
9988074 10248651
9988233 10260484
10019114 10275261
10135292 10315600
10173545 10387673
10236550 10414657
10266032 10565962
10282265 10602684
10287155 10622242
10297332 10645551
10348962 10647499
10449269 10652971
10503790 10685982
10523602 10719039
10573895 10778366
10611197 10801847
10617734 10920364
10706758 10953008
10743978 10959483
10806531 10965321
10846292 11103754
10853440 11119846
10960915 11123512
