100001
011111
111001
100000
010010
100100
001110
110111
010010
100011
010000
010010
111010
100100
010000
100011
011001
001101
000111
001011
010111
111000
011100
001010
010111
111011
011000
011000
101001
110000
110110
111101
100001
010000
001010
010000
100000
101101
000111
110000
000110
111100
011111
100101
010010
011111
000111
110000
001010
011000
100000
110001
111100
100001
101111
001010
101100
001111
011010
001101
110010
101001
100110
010111
011111
101110
010101
011110
110110
101111
001111
001001
110010
010100
001000
101010
010100
100010
101101
101111
010001
101001
100001
110001
011100
101000
000111
011010
001101
011101
100101
100000
100111
101011
101100
110010
110011
011100
010000
001111
011000
010000
110011
101010
001101
001100
011010
110010
110100
011011
001000
110011
100100
101010
111000
111000
010111
011010
001101
101110
101110
110110
101110
101111
111001
101011
100011
011101
110000
011111
110011
101001
100110
100110
111001
111011
110010
001010
011101
101110
010010
101011
000111
110111
011011
001101
100010
101000
100100
100000
011110
001001
111101
111000
010001
000110
110100
001101
111001
110001
011111
000101
011101
010101
101111
001111
101011
011001
010010
011101
010101
011111
001101
010011
101111
001010
100001
001100
100110
100011
110100
110101
110111
101010
001010
100000
001100
011100
101001
101101
010001
011001
110000
111001
010100
010110
110010
001110
100011
011111
100100
011011
100001
011111
011101
001110
101111
001011
111010
001010
110011
011101
001000
010001
111011
111010
110001
110000
011001
001000
110101
111000
101100
101101
100111
111001
001100
100000
010111
110011
110101
100111
100010
111101
101110
010101
110010
100011
111100
100111
110110
110100
100111
011010
100101
110001
010100
010110
001101
110000
100001
010011
111000
111001
001111
011010
110100
110010
010011
100101
110111
001111
010110
001110
000101
110001
110011
010100
011111
001111
001100
101111
110001
011110
110100
110110
100000
010110
010111
001001
100100
100111
010111
111000
011000
101001
000111
001110
101100
111001
000111
011000
000110
011101
001110
010000
110101
010011
110111
101001
000111
100010
010101
001010
001111
110010
010011
100110
111101
010111
000111
010000
100001
110100
001010
011100
010100
110101
011001
010011
110000
011100
001111
011010
101100
100111
110111
111001
101101
010110
011001
011001
101101
010000
001111
010000
111011
010101
100101
100110
111010
010010
100010
110001
101001
100010
010010
100001
001011
010000
100111
110000
010001
000111
010011
111100
011110
111101
100010
101111
011110
000110
101111
101010
101100
110001
001110
101100
010101
101000
111001
101100
001010
111101
110010
011000
110111
001111
100100
111011
011110
100101
100010
100001
111010
110000
101010
010101
101100
110101
000101
100001
111100
011100
010010
101010
010000
010111
011101
111100
101101
101011
101101
011001
111011
011011
011001
110101
010111
001100
101110
101010
100100
011100
000110
111010
111011
110000
110111
001100
100111
011111
111010
010010
101000
001000
111001
001101
011101
000110
110111
110010
111000
100011
110011
111000
111101
001111
111101
001011
111010
011101
100011
010001
110110
011110
101101
001001
010101
110110
110111
101000
111101
010110
110100
011010
100101
011110
001001
111100
100001
011010
010110
100010
111001
110001
000110
010100
011000
101011
111000
111001
110011
111011
111011
111010
000110
001101
101001
011011
110101
011110
100111
011010
010101
001001
010100
100010
110101
001001
110111
100111
101111
101110
111101
101000
011110
001110
010010
001101
001011
110101
111001
111010
010011
011100
110010
101010
111100
000101
011111
101010
100101
010101
010110
110001
001110
011001
001000
101001
010011
000111
101001
101100
010000
101111
001011
100110
101101
111010
111000
001000
000110
011101
001010
101011
001100
101110
101000
100011
010001
110111
101010
101100
100100
110101
001001
011101
010000
010100
101111
101011
011011
100100
000111
010100
011011
100100
000110
011101
110101
110100
001000
001101
101100
110111
111011
110110
110010
011010
100111
110101
001010
100111
001100
101110
010100
100000
111011
101100
011000
011100
011111
101100
110101
101010
011111
001000
100110
101011
100100
100000
110100
101001
010111
000110
100111
010000
100001
001110
000101
101010
011100
100100
101101
110000
010110
101100
100101
100111
001111
101110
101011
000110
100010
100011
100100
100001
011001
101000
111000
001111
111100
110001
111011
100110
001011
001001
011000
010011
011010
101101
001011
100110
111100
000110
101011
010110
001110
011010
010101
111010
010001
111100
101011
101101
101110
110101
100101
011011
001000
011100
100100
011000
001011
001000
111101
100101
001110
011100
101010
001011
001110
010100
001000
011011
010001
011000
001111
010001
100101
010010
111010
001001
010110
100110
001100
110011
100000
011001
011011
001001
110100
001000
010001
110110
010110
010101
101111
011110
100110
110001
010001
001100
011101
011100
101110
111100
110000
110110
001011
001101
100011
100101
101101
010101
010010
001011
000111
111101
110111
101111
010010
110100
110010
010011
010110
011001
100101
100010
111010
100000
101000
001100
011110
011000
110100
010011
100011
100010
011110
101011
110001
011011
011010
110010
001011
110110
111100
110110
000110
100010
011110
110011
101111
010011
110111
001011
010101
010001
010000
110110
010110
100110
011001
011101
100010
011001
110011
010011
010001
101001
110010
010001
011000
111100
011000
101110
011100
110110
101010
110000
101011
000111
111000
100000
101110
010011
101000
111000
011001
011000
110011
001000
101001
110100
010111
001110
110110
111011
001000
010111
010111
010111
010100
011011
110111
101011
010110
001010
001101
111011
011010
000101
101110
001011
111000
000110
001001
011010
010100
111001
000111
001011
111010
011011
100011
100011
001100
111000
100101
111010
101000
110011
101101
100000
010110
001001
101000
010101
110101
010111
111100
110100
011110
001010
101000
110011
001001
001100
101100
011100
011011
101000
101011
110110
001001
111100
001100
111101
100000
110100
111101
000101
101101
010100
100110
100001
110001
001001
101001
011110
101010
011111
010010
010010
011011
101000
101000
010011
111011
001101
011111
100000
100011
011011
001110
010001
110000
100100
000111
001010
001111
010100
110000
100110
100011
100101
001000
001100
110001
000110
100111
101001
100001
111001
001110
100110
111011
110011
